 13887
 13129
 13121
һ 11723
 11020
 10598
 8515
 8186
 7955
 7758
 7619
ɽ 7164
 6718
 6580
 6573
ʱ 6504
 6376
 6315
ˮ 6308
 5949
 5940
 5841
 5745
 5701
 5597
 5530
 5508
 5410
ȥ 5165
 5066
 5021
 4842
 4775
 4745
 4693
˭ 4671
 4655
 4525
 4470
ǧ 4420
 4353
 4318
 4302
 4293
 4270
 4231
 4221
 4186
ҹ 4174
 4160
 4097
 4067
 4056
 4039
 3999
 3999
 3958
 3957
 3924
 3876
 3836
δ 3802
С 3775
 3765
 3726
 3716
 3716
¥ 3663
 3663
 3635
 3628
ͷ 3610
Ц 3565
 3528
Ϊ 3476
 3442
ǰ 3430
 3427
 3386
 3367
 3345
 3335
 3329
֪ 3284
 3275
 3237
 3217
 3185
 3184
 3156
÷ 3137
 3124
 3109
 3078
 3075
 3061
 3023
 2970
 2965
 2934
 2893
 2891
 2875
 2836
 2831
 2821
 2813
 2804
 2775
ѩ 2770
 2757
 2722
 2703
 2642
֦ 2594
 2578
ƽ 2573
Ϫ 2572
 2557
 2500
 2497
 2481
 2475
˼ 2462
 2462
 2449
 2397
ʮ 2394
Ӱ 2364
 2357
 2354
 2341
 2339
 2328
 2302
· 2299
 2299
˫ 2279
 2266
 2258
ɫ 2245
 2244
 2242
Զ 2239
 2209
 2180
Ī 2177
 2169
 2160
Ӧ 2149
 2144
 2142
 2127
ֻ 2122
Ҳ 2120
 2116
 2114
 2098
 2089
 2081
 2077
 2060
 2057
 2053
 2049
 2043
 2036
 2035
 2033
 2021
 2011
 1997
ͬ 1970
 1945
¶ 1923
 1920
 1920
 1918
 1917
 1914
 1894
 1893
 1886
 1884
֮ 1874
 1872
 1864
 1856
 1855
Ҷ 1849
 1848
̨ 1845
 1843
 1837
 1823
ȴ 1823
 1814
 1801
ɳ 1797
 1791
 1786
˪ 1764
 1759
 1750
 1745
 1735
б 1725
Ȼ 1725
 1713
ͥ 1712
 1706
 1699
 1696
 1683
 1667
 1655
 1652
 1650
ĺ 1647
 1638
ʫ 1614
 1612
 1609
 1604
 1600
 1599
 1591
 1584
 1578
 1575
 1573
 1572
ü 1567
 1560
 1558
 1558
 1550
 1549
 1539
 1535
 1526
 1525
 1521
˵ 1517
 1516
 1509
 1507
ױ 1506
 1496
 1480
 1477
ϸ 1476
 1470
 1469
 1469
 1468
 1458
 1458
 1456
 1456
 1454
 1450
 1444
 1443
 1441
԰ 1440
 1438
 1433
 1419
΢ 1405
 1404
Ѱ 1400
 1398
 1395
 1393
 1386
 1382
 1378
ݺ 1374
 1372
 1370
 1370
 1366
 1365
 1364
ͤ 1344
 1342
 1341
 1340
 1337
 1332
 1331
 1330
 1329
 1324
 1319
 1290
 1280
 1280
 1277
ľ 1276
 1255
 1247
 1242
ת 1241
 1240
 1240
 1231
 1225
 1216
ů 1213
 1204
ȡ 1203
 1202
 1196
˿ 1193
 1190
 1186
 1186
 1185
 1184
 1176
 1174
 1173
ϲ 1173
 1173
 1173
 1166
 1166
 1158
 1154
 1149
 1141
 1141
 1137
 1135
 1134
ƾ 1130
 1129
 1127
 1126
 1125
 1124
 1121
 1119
 1110
 1108
 1107
ɢ 1101
 1098
 1092
ǳ 1087
 1085
 1083
 1082
Ժ 1081
 1077
Լ 1071
ס 1068
 1067
 1054
 1047
 1037
 1034
 1033
ʤ 1032
 1031
Ӣ 1029
 1025
 1025
 1022
 1021
 1017
 1014
 1014
 1012
 1005
 1004
Ԫ 1001
 999
 989
 988
 984
 981
 981
 979
 976
 969
 968
 967
Ʈ 966
 959
 957
 953
 947
ϧ 946
 943
 941
 941
 940
 937
 935
 932
 928
 922
 922
 914
ϼ 914
 911
 909
 906
Ū 905
 904
 904
Ũ 898
 897
Թ 893
 892
 890
 887
 886
Ҫ 885
 881
 878
 871
 868
 863
 863
 862
 861
 858
 853
 853
 850
 848
 844
 838
ʯ 832
˯ 829
 828
 826
 825
 820
 818
 817
 816
 815
 815
 814
ӯ 814
 812
 811
 807
Ϧ 805
 804
 801
 800
̫ 799
 797
 793
 793
 793
Ů 792
Ƭ 791
̾ 790
 790
 786
 785
 784
ӳ 781
 781
 780
 778
Ŀ 774
 772
 769
 769
 769
ָ 766
 766
 765
 758
 755
 753
 752
 752
 747
 746
ҡ 743
 743
 739
 736
ң 736
 736
 736
 736
 735
 735
 734
 733
 732
 730
 727
Ļ 727
 726
 726
 726
 725
 722
 721
Ը 719
 719
 717
 716
 710
 707
Ƶ 707
 704
 704
 703
 697
ʹ 697
 696
Ұ 691
 689
 688
 686
ʶ 686
ū 686
 686
Я 681
 679
 675
 673
ϴ 672
 672
 668
 665
 664
 660
 658
 654
 651
 649
 648
 648
 646
 646
л 642
 642
 640
 639
 639
 639
 636
 633
 633
Ȱ 631
 631
ԧ 630
Ϣ 628
 627
 624
 621
 620
 620
ƫ 620
ռ 615
 614
 614
 612
 610
Ϸ 608
 605
 601
 601
 601
 601
 597
Ω 596
 596
 595
 594
 594
 591
 589
ֱ 588
 587
 586
 586
 583
 583
 582
 582
 582
 581
 581
 580
 579
 578
 577
̤ 577
ף 577
 577
 576
ʪ 574
 572
 572
 571
 570
 570
ζ 570
 569
 567
 565
Բ 564
 562
 561
 560
 560
 560
 559
ӵ 558
 558
 558
 558
͸ 557
© 555
 555
 554
 552
 551
Ÿ 551
 548
 547
 545
 544
 544
 543
 541
 539
 536
 536
 536
է 535
 533
Ȫ 529
 529
Ⱥ 527
 526
 526
 524
 524
 522
 522
 522
 522
 522
ӭ 519
 519
 517
¯ 516
 513
 513
׷ 512
ȵ 512
 510
 509
 507
д 507
 506
 505
 505
 505
 503
 503
 502
 501
 499
 499
 499
á 499
 499
 499
 499
 498
 498
 497
 497
 496
 496
 496
 496
 496
 496
 494
İ 493
 492
 492
 492
 491
ѧ 491
 486
 486
 485
 485
 484
 483
 483
 482
 481
 481
 480
 480
 480
 480
 475
ɨ 474
 474
 472
 472
 472
 472
 470
 470
 469
 467
Ⱦ 467
 467
 465
ͨ 465
 464
 462
 462
 462
 461
 460
 459
 458
 457
 456
 455
ǽ 453
ǡ 450
Щ 448
 448
ɴ 447
 446
 446
 446
 446
 444
 443
 443
 443
 442
 441
 440
 438
 437
 437
 437
 437
 436
 436
 434
޹ 433
 431
 430
 429
 428
 423
 423
 423
Ե 423
 422
 421
ͼ 421
 420
 419
 419
 418
 417
 415
 414
 413
 412
 412
 412
ǲ 411
ܽ 410
 410
 409
 408
 406
 406
ǿ 404
 403
Σ 403
 402
 400
ϵ 400
 399
 399
 399
 396
 394
 393
 393
 392
 391
˥ 391
ȫ 391
 391
 390
 390
 389
ñ 389
 389
 388
 387
 387
 387
 387
 386
 386
 385
 384
 383
 383
 383
 382
 381
 379
 379
ã 378
̸ 378
 378
 376
ѹ 376
 375
ϯ 375
 374
 374
 373
 373
 373
Χ 373
ϡ 373
 371
 370
Է 370
 369
 369
͵ 369
 368
ٻ 368
 368
 367
 367
 366
 366
 366
 365
 364
 364
 364
 363
 363
 363
 362
 358
 357
 356
ҵ 355
 355
 354
 352
 352
 352
 352
 352
 352
 351
 351
 350
 350
̬ 349
 348
 348
 347
 346
 346
 345
 345
 344
 344
չ 344
 343
 342
 340
 340
ȹ 339
 339
 336
 336
 336
 336
 335
 335
 334
̦ 333
 333
 333
 333
 333
ͩ 332
 332
 331
 330
 330
ʳ 330
 330
 329
 329
ʿ 329
Դ 328
 328
 328
 328
 327
ʡ 327
į 326
 326
 325
 325
׹ 325
 325
 323
 323
 322
 321
 321
 321
 321
 321
 320
 318
 317
 316
 316
ѻ 315
 313
 313
 313
 311
 310
ɣ 309
ʢ 309
 308
 308
 308
گ 308
Խ 308
 308
 308
 308
 307
ҩ 306
 306
 305
 304
 304
 304
ʥ 303
 302
Į 302
 301
 301
 300
 300
 298
 297
 293
 293
 293
 292
 292
 291
 290
 290
 289
Ъ 288
Ǭ 288
 287
 287
 286
 286
פ 286
֬ 285
 285
 285
 283
 282
 281
 280
 280
ĸ 280
 279
 279
 278
û 278
 278
 277
Ƚ 276
 276
 275
 275
 275
 274
 274
 274
 274
 273
ͣ 273
 272
 272
 272
Ǯ 271
 271
 271
 270
 270
 270
 270
͡ 269
 269
 269
 268
 268
ţ 268
 267
 266
 266
̴ 266
 266
 266
׳ 266
 265
 265
Ѭ 265
 265
 265
 265
 264
 264
 264
֯ 263
 262
 262
 261
 261
 259
é 259
 259
 259
 259
 259
 258
 258
 257
 256
 256
 256
 256
 256
ī 256
׺ 256
 255
 254
 254
ɯ 253
 253
 253
 253
ǣ 252
 252
 251
ͭ 251
Х 251
 251
 251
յ 250
ͯ 250
 249
 249
 248
 247
 246
 246
 246
ֹ 245
Ȥ 244
ӽ 244
 244
 244
ʧ 243
 242
 242
 241
 241
 241
 240
Ӯ 240
 240
 238
 238
 238
 237
 237
 237
 237
 236
 235
 235
 234
մ 234
ԭ 233
 232
 232
 232
æ 231
 230
 230
 230
 230
 230
 230
ʣ 230
 230
 229
Ƽ 229
 229
־ 229
 228
 228
 228
 227
 227
 227
֥ 226
 226
 226
 226
ӡ 226
 225
 225
 225
 225
 225
 225
 224
 223
 223
 223
 223
 222
 222
 222
 222
 221
 221
 221
 220
 220
 219
 219
 219
 218
 218
 217
ɪ 217
 217
 216
 216
β 216
 215
 215
 215
 214
 214
 214
 213
 213
 213
 212
 211
 211
 210
 210
̽ 209
ժ 208
 208
 208
ƻ 207
 207
 207
 207
 207
 206
ע 206
 206
 206
Ʒ 206
 206
 206
 206
 206
 205
 205
 205
 205
 204
 204
 204
 204
 203
 203
 203
׭ 203
ż 202
 202
 202
 202
 201
 201
 201
 201
 201
̰ 200
 200
 200
ʰ 199
 199
® 199
 198
 198
ֽ 198
 197
 196
 196
 196
 195
 195
 195
 194
 194
 194
 194
 194
 193
 193
ѫ 193
 193
 193
 193
 192
 192
ڤ 192
 192
 192
ƿ 191
 191
 191
 190
Ԩ 190
ش 190
 189
 189
 189
 188
 188
 188
Ǩ 188
 188
 187
 187
 187
 187
 186
 186
 186
 185
ɧ 185
 184
 184
 184
 183
 183
 183
 183
 183
 182
 182
 181
ź 181
 181
 181
 181
Ǧ 181
 181
 180
 180
 180
 180
 179
 179
 178
 178
 178
 177
 177
 177
 177
 176
 176
 176
 176
 176
 176
Ͷ 175
 175
 175
 175
 175
 175
 175
ʦ 175
Ϭ 174
 174
 173
 173
 173
 173
 172
 172
 172
 171
 171
 171
 170
 170
 170
 170
Ѽ 170
« 169
 169
 169
 169
 169
 169
 169
 169
 169
 169
 168
 168
ʼ 168
ȱ 168
 168
ޥ 167
 167
 167
׼ 167
 167
ĥ 167
 167
 166
 166
Գ 166
 166
 165
 165
 165
 165
 165
ޱ 164
 164
 164
Ƿ 164
 164
 163
ν 163
 163
 163
 163
 162
 162
 162
ԡ 162
 162
 162
 161
 161
 160
 160
Ө 160
 160
 160
 160
 160
 160
 160
 159
װ 159
 159
 159
 159
 158
 158
ô 158
 158
 157
 157
ĵ 157
¤ 157
 156
 156
ұ 156
 156
 156
 156
 155
 155
 155
 154
 154
 154
ʷ 154
 154
 154
 154
 154
ɺ 153
 153
 152
 152
Ի 152
 152
 152
 152
 152
 152
 151
 151
 151
 150
 150
 150
 150
 150
 150
 149
 149
 149
 149
 149
 148
 148
 148
 148
 147
 147
 147
 147
ͧ 146
Ħ 146
 146
 146
 146
 146
 146
 145
ˬ 145
 145
Ң 145
 144
 144
 144
 144
ҷ 143
 143
 143
 143
 142
 142
 142
 142
 142
 142
ͽ 142
Ĩ 141
 141
 141
 141
 140
ÿ 140
 140
 140
 140
 140
 139
 139
 139
 139
 139
 139
ʩ 138
 138
 138
 138
 137
 136
 136
 136
 136
 135
ï 135
ɭ 135
 135
 135
 135
Ǳ 135
 135
 135
 135
 135
խ 135
 135
 135
 134
 134
 134
 134
 134
 134
 133
 133
 133
 133
 133
˹ 132
 132
 132
ʵ 132
 132
q 131
 131
ٯ 131
˻ 131
 131
ά 131
ɱ 130
 130
 129
 129
 129
 129
 129
 129
 128
 128
 128
 127
 127
 127
 127
 127
Ψ 127
 127
 127
 127
 127
Ǽ 127
 126
֧ 126
ձ 126
 126
 126
 125
 125
ë 125
 125
 125
 125
 125
 125
ʹ 125
 125
 124
 124
 124
 124
 123
 123
 123
 123
 122
 122
 122
 122
 122
 122
 121
ɦ 121
 121
 121
 121
 121
 121
 120
 120
 120
 120
ӣ 120
 120
 120
 120
 120
 120
 120
ί 120
 120
 119
 119
 119
հ 119
 119
 119
 118
 118
 118
 118
 118
 118
 117
 117
 117
 117
 117
ƪ 117
 117
 117
 116
 116
Ͼ 116
 116
 116
 116
 116
 116
 115
 115
 115
 115
Ь 115
 115
 114
 114
Ѫ 114
 114
 114
 114
 114
 114
 113
 113
 113
˾ 113
 113
 113
 112
 112
 112
 112
ӧ 112
 112
ı 111
 111
 111
̶ 111
 111
 111
 111
 111
 110
Ӫ 110
 110
 110
 110
 110
լ 110
 110
 110
 109
 109
 109
ӿ 109
μ 109
 109
 109
ѡ 109
 109
 109
 108
 108
 108
 108
Ͽ 108
 108
ݻ 107
 107
 107
 107
 107
Ԧ 107
 107
 107
 106
 106
 106
 106
 106
 106
 106
 106
 106
 105
 105
 105
½ 105
 105
 105
 104
ս 104
 104
 104
ò 104
Ϳ 104
 104
ѿ 103
 103
ө 103
 103
 103
 103
Һ 103
 103
ҫ 102
 102
 102
 102
 102
 102
 102
 102
 102
 102
 102
 101
ի 101
 101
 101
 101
 101
 101
 101
 100
 100
 100
 100
 100
 99
 99
Ѷ 99
ֵ 99
 99
 99
 99
 99
 99
 99
ѭ 99
 98
 98
 98
 98
 98
 98
 97
 97
 97
 97
 96
 96
 96
 96
 96
 96
 96
 96
; 96
 96
 96
ز 96
 96
 95
 95
 95
 95
 95
 95
κ 95
 95
 94
ޤ 94
 94
 94
 94
 94
 94
 94
 94
 94
ĩ 93
 93
 93
 93
 93
 93
 93
 93
 92
 92
 92
 92
 92
 92
 91
 91
к 91
 91
 91
 91
 91
 91
 91
 91
 91
 90
 90
ģ 90
 90
 90
 90
 90
 90
Ǿ 89
 89
 89
 89
 89
 89
 89
ݱ 88
 88
Ѳ 88
 88
 88
֫ 87
 87
Ѯ 87
 87
 87
 86
 86
 86
ĳ 86
 86
 86
» 86
 86
 86
ׯ 86
 86
 85
 85
 85
 85
 85
 85
ɰ 85
ϣ 85
 85
 85
ŭ 84
˴ 84
պ 84
 84
 84
Ӻ 84
 84
 84
 84
 84
¹ 84
 84
 83
 83
 83
ɮ 83
 83
 83
ԫ 83
³ 83
 83
 82
 82
 82
 82
޼ 82
̲ 82
 82
ƥ 82
 82
 82
 82
 82
 82
 82
 81
 81
 81
 81
 81
 81
 81
 81
 81
 81
 80
 80
a 80
 80
 80
 80
 80
 80
 80
ȸ 80
 80
V 80
 80
 80
 80
 80
 79
 79
տ 79
Ķ 79
 79
¬ 79
 79
 79
 79
Ԣ 79
ޡ 78
 78
 78
Ծ 78
 78
 78
 78
 78
 78
 77
 77
 77
 77
 77
 77
 77
 77
 77
 77
 77
 77
 76
ƶ 76
 76
 76
 76
 76
 76
 76
 76
 75
ϥ 75
 75
 75
 75
 75
 75
 75
 75
֣ 75
 75
 75
 75
ο 74
 74
 74
 74
 74
 74
 74
 74
 74
 73
 73
 73
Ư 73
 73
 73
 73
Ҧ 73
 73
 73
 72
 72
 72
޺ 72
 72
 72
 72
 72
 72
 72
 72
 72
 72
 71
 71
 71
 71
 71
 71
 71
ũ 71
 71
 71
 71
м 71
 71
 70
 70
 70
 70
 70
 70
 70
 70
 70
 70
 70
ܰ 70
˽ 70
 70
 70
 70
 69
Ч 69
 69
 69
 69
 69
 69
 69
 69
 69
 69
̥ 68
 68
 68
 67
 67
 67
 67
 67
 67
 67
² 67
ҥ 67
 67
 67
 67
 67
 67
 67
 67
 67
â 66
 66
 66
 66
 66
 66
 66
ư 66
 66
 66
 66
 66
 66
 65
أ 65
 65
 65
 65
 65
 64
 64
 64
 64
 64
 64
 64
 64
̳ 64
 64
 64
 64
 63
ݶ 63
 63
˷ 63
 63
̩ 63
 63
 63
 63
¡ 63
 63
 63
 63
_ 63
ͮ 63
 63
 62
 62
 62
 62
 62
 62
 62
 62
 62
 62
 62
 62
ܼ 61
ͦ 61
 61
 61
з 61
 61
 61
X 61
 61
ж 61
 61
 61
϶ 61
 61
 61
 61
 61
 61
 60
έ 60
ک 60
 60
 60
 60
 60
 60
 59
 59
 59
 59
 59
 59
 59
ɷ 59
 59
״ 59
 59
 59
 59
 59
 59
 59
 58
Ľ 58
 58
 58
 58
ϰ 58
 58
 58
 58
 58
 58
 58
 57
ִ 57
 57
 57
 57
 57
 57
 57
 57
 57
 57
Ү 56
 56
 56
 56
 56
 56
 56
 56
 56
 56
 56
 56
 56
 56
 56
 55
 55
 55
 55
 55
 55
 55
 54
׾ 54
ӫ 54
ֲ 54
 54
 54
\ 54
 54
 54
ý 54
 54
 54
 54
ǻ 53
 53
 53
 53
 53
 53
 53
Ȩ 53
 53
 53
λ 53
ٱ 53
 53
 53
 53
 53
L 53
 53
 53
 53
 53
Ѩ 53
 53
 53
 52
 52
 52
й 52
 52
 52
ΰ 52
 52
 52
 52
ͫ 52
Ԥ 52
 52
 52
 52
 52
 51
г 51
 51
 51
 51
 51
 51
 51
 51
 51
 51
ʸ 51
ܯ 51
s 51
 51
 51
 51
 51
 50
 50
 50
 50
 50
 50
 50
 50
 50
 50
 50
 50
 50
˲ 50
 50
 50
Ρ 50
˧ 50
 49
 49
 49
 49
 49
 49
 49
 49
 49
 49
Ȯ 49
 49
 49
 49
 49
 49
Ͳ 49
ǩ 49
 49
 49
g 49
 48
 48
 48
 48
 48
 48
 48
 48
Т 48
 48
 48
 47
 47
 47
 47
 47
ר 47
 47
 47
 47
͢ 47
 47
 46
 46
 46
Ю 46
 46
 46
ԩ 46
 46
 46
 46
N 46
 46
L 46
Ĭ 46
 45
Ϯ 45
P 45
 45
 45
 45
 45
 45
 45
 45
 45
 45
 45
 45
 45
 45
 45
 45
߯ 45
 44
 44
Ҵ 44
Ҿ 44
 44
 44
Ӭ 44
 44
 44
 44
 44
 44
 44
 44
Υ 44
 44
 44
 44
 44
 44
 44
e 44
 44
 44
 43
 43
 43
 43
 43
 43
 43
k 43
 43
 43
 43
˳ 43
 43
 43
 43
 43
 43
 43
 42
 42
 42
 42
 42
 42
] 42
 42
 42
ҽ 42
η 42
 42
 42
 42
 42
 42
 42
 42
I 42
 41
̧ 41
 41
 41
 41
 41
 41
 41
u 41
 41
 41
Ƴ 41
 41
 41
 41
 41
 41
 41
 41
ç 40
 40
 40
 40
ڽ 40
ھ 40
 40
 40
 40
 40
 40
 40
 40
 40
 40
ͻ 40
 40
 40
 40
 40
ӹ 40
 40
 39
 39
 39
ƴ 39
 39
 39
 39
ة 39
 39
 39
ѷ 39
 39
 39
Э 39
 39
 39
 39
ѥ 39
Τ 39
 39
 39
 39
¿ 39
 39
 39
@ 39
 39
 39
o 39
 39
 38
ި 38
 38
 38
ɬ 38
 38
 38
 38
Կ 38
 38
 38
 38
 38
 38
Ӥ 38
 38
 38
 38
 38
¼ 38
 37
 37
 37
 37
 37
 37
 37
 37
 37
 37
 37
 37
 37
 37
 37
 37
 37
 37
 37
ְ 36
 36
 36
J 36
 36
̯ 36
 36
 36
 36
 36
 36
 36
 36
 36
 36
 36
 36
 36
 36
 36
 36
 36
 35
 35
ܿ 35
 35
 35
 35
 35
 35
 35
 35
 35
 35
 35
 35
٧ 35
 35
 35
 35
 35
 35
 35
 35
 35
 35
 35
 35
Ƥ 35
 35
_ 35
 35
´ 35
 35
 34
 34
 34
ն 34
ּ 34
 34
 34
 34
 34
 34
 34
ծ 34
 34
 34
 34
 34
 34
 34
 34
 34
 34
 34
 34
 34
 34
 34
 34
 34
t 34
 34
 34
 33
 33
 33
 33
 33
 33
Ԯ 33
h 33
 33
 33
 33
 33
} 33
ŷ 33
 33
Ǣ 33
 33
 33
 33
 33
 33
۫ 33
ú 33
 33
׿ 33
 33
 33
 33
 33
 33
 33
 33
 32
Ҹ 32
 32
 32
 32
 32
 32
 32
 32
 32
ڣ 32
 32
 32
 32
 32
 32
 32
 32
 32
 32
r 32
ʾ 32
 32
 32
 31
 31
£ 31
 31
 31
 31
G 31
 31
 31
 31
 31
 31
 31
 31
 31
 31
 31
 31
 31
 31
 31
 31
 31
 31
 31
 30
 30
ޢ 30
 30
 30
 30
 30
 30
 30
 30
 30
 30
 30
 30
 30
 30
 30
 30
 30
 30
ӥ 30
 30
 30
 29
 29
 29
 29
 29
 29
 29
 29
 29
 29
 29
 29
 29
 29
 29
 29
 29
 29
 29
 29
Z 29
 29
ٲ 29
 29
 29
 29
 29
 29
 29
 29
 29
 29
 29
 29
 29
 29
ؾ 29
 29
 29
 28
 28
 28
ߪ 28
 28
 28
 28
 28
Ѹ 28
 28
 28
ϻ 28
 28
 28
 28
 28
 28
 28
 28
 28
 28
 28
ħ 28
 28
 28
 28
 27
 27
 27
 27
 27
 27
` 27
 27
ɥ 27
 27
 27
 27
 27
 27
 27
 27
 27
ܦ 27
µ 27
 27
 27
 27
 27
 27
 27
Ƹ 26
 26
 26
ݮ 26
 26
 26
 26
 26
 26
 26
 26
ԯ 26
 26
 26
 26
 26
 26
 26
 26
 26
 26
 26
 26
 26
ξ 26
 26
 26
 26
 26
׽ 25
 25
 25
 25
 25
 25
ϭ 25
 25
 25
 25
 25
 25
 25
 25
̿ 25
 25
 25
ʨ 25
 25
 25
 25
 25
 25
 25
 25
ɸ 25
 25
 24
 24
Ƣ 24
 24
Ѻ 24
 24
 24
ö 24
 24
 24
ع 24
̷ 24
 24
 24
 24
 24
 24
 24
 24
 24
 24
ð 24
G 24
 24
 24
ߵ 24
 24
 24
 24
 24
ѣ 24
 24
 24
ש 24
 24
 24
 24
 24
ճ 24
 24
 24
γ 24
 24
 24
Ϥ 23
 23
 23
 23
 23
 23
 23
 23
 23
 23
 23
 23
ٿ 23
 23
 23
 23
 23
î 23
 23
 23
v 23
 23
 23
 23
 23
 23
 23
 23
 23
 22
 22
 22
ȭ 22
 22
 22
 22
 22
 22
ǹ 22
 22
 22
 22
 22
 22
 22
 22
 22
٭ 22
 22
 22
 22
 22
 22
 22
 22
 22
 22
 22
 22
 22
 22
 22
 22
ͺ 22
 22
 22
 22
 22
 22
 22
 21
 21
 21
 21
 21
 21
 21
У 21
 21
 21
 21
 21
 21
Ž 21
 21
 21
 21
 21
 21
 21
 21
 21
 21
 21
 21
 21
 21
 21
 21
 21
Ŷ 21
 21
 21
 21
 21
 21
 21
 21
I 21
 21
 21
 21
 21
 21
 21
 20
 20
 20
 20
 20
 20
 20
 20
 20
޵ 20
F 20
 20
 20
 20
 20
 20
 20
 20
 20
 20
 20
 20
 20
 20
 20
 20
 20
׶ 20
 20
 20
 20
 20
̹ 20
 20
 20
ʻ 20
 20
 20
 20
 20
 19
 19
 19
 19
 19
 19
 19
 19
 19
 19
 19
ެ 19
 19
 19
 19
 19
 19
 19
 19
ڷ 19
 19
 19
ɡ 19
 19
 19
ٹ 19
 19
 19
T 19
 19
ȼ 19
 19
 19
 19
 19
 19
 19
 19
 19
 19
 19
 19
 19
 19
 19
 19
 19
 19
 19
 19
 19
 19
 19
 19
 18
l 18
 18
 18
 18
ߢ 18
 18
 18
 18
Ԭ 18
 18
 18
 18
Ӿ 18
 18
 18
 18
 18
 18
 18
 18
߳ 18
 18
 18
 18
 18
 18
ޫ 18
 18
 18
 18
 18
 18
 18
 18
ʽ 18
 18
 18
 17
 17
 17
ײ 17
 17
Ϻ 17
 17
 17
 17
 17
 17
 17
 17
 17
 17
̣ 17
 17
 17
 17
ۡ 17
 17
 17
 17
g 17
 17
Ա 17
 17
 17
 17
ª 17
 17
 17
 17
 17
 17
 17
 17
 17
 17
ˣ 16
 16
 16
 16
 16
 16
 16
 16
 16
 16
Ѧ 16
 16
 16
 16
ڵ 16
 16
ĭ 16
 16
 16
 16
 16
 16
 16
 16
۴ 16
 16
 16
 16
 16
 16
F 16
 16
 16
 16
 16
 16
 16
 16
 16
 16
 16
 16
 16
ǭ 16
 16
 15
 15
 15
 15
 15
 15
 15
 15
 15
޿ 15
 15
 15
 15
 15
 15
ѯ 15
 15
ϫ 15
 15
 15
W 15
 15
 15
 15
 15
 15
 15
 15
 15
 15
 15
 15
 15
 15
 15
 15
 15
ҭ 15
 15
 15
ӱ 15
 15
 15
 15
 15
 15
 15
 15
 14
 14
 14
 14
 14
 14
 14
ߡ 14
ε 14
 14
 14
 14
΅ 14
 14
љ 14
 14
 14
 14
 14
 14
 14
 14
 14
 14
а 14
 14
˸ 14
 14
 14
 14
 14
 14
 14
 14
 14
 14
 14
 14
 14
 14
 14
 14
 14
 14
ܩ 14
 14
 14
 14
 14
 14
 14
 14
 14
 14
 14
 14
 14
 13
 13
j 13
 13
Ñ 13
ܲ 13
 13
 13
ܷ 13
 13
ݥ 13
ġ 13
 13
 13
н 13
޾ 13
 13
A 13
ɼ 13
 13
 13
 13
 13
 13
ԥ 13
 13
 13
׬ 13
 13
 13
 13
 13
 13
 13
ٵ 13
 13
 13
 13
 13
 13
 13
 13
 13
 13
 13
 13
 13
 13
 13
 13
 13
 13
 13
 13
 13
 13
t 13
 13
 13
 13
 13
 13
 13
 13
 13
 13
 13
Ѥ 13
 13
 13
 13
 13
 13
 13
 13
 13
Ф 12
 12
 12
 12
 12
 12
 12
 12
ݷ 12
 12
 12
 12
 12
 12
 12
 12
 12
 12
 12
ٰ 12
 12
 12
 12
Ƨ 12
 12
 12
} 12
 12
i 12
 12
 12
H 12
 12
 12
 12
 12
 12
Ȧ 12
 12
 12
 12
 12
o 12
 12
 12
 12
 12
 12
 12
T 12
 12
ܱ 12
 12
 11
 11
 11
 11
 11
 11
 11
 11
 11
 11
׫ 11
 11
 11
 11
ޭ 11
 11
ʭ 11
 11
 11
 11
֤ 11
 11
ŵ 11
 11
 11
 11
 11
 11
 11
ب 11
ؽ 11
 11
 11
` 11
 11
Ͻ 11
 11
 11
 11
 11
 11
o 11
ɲ 11
 11
 11
 11
 11
 11
 11
 11
 11
 11
 11
 11
 11
 11
 11
 11
 11
 11
 11
 11
 11
 11
 11
u 11
 11
 11
 11
 11
 11
` 11
 11
 11
 11
 11
 11
 11
 11
ͳ 11
 11
 11
 11
 11
 10
 10
 10
 10
 10
 10
 10
\ 10
 10
 10
ݸ 10
 10
ާ 10
ޯ 10
 10
 10
 10
 10
 10
 10
 10
 10
 10
 10
 10
Ʃ 10
 10
ѵ 10
 10
ǫ 10
 10
 10
 10
 10
 10
 10
 10
 10
 10
ۻ 10
 10
 10
 10
 10
 10
 10
 10
 10
 10
 10
 10
 10
 10
 10
 10
ǵ 10
 10
Ĺ 10
 10
ѱ 10
 10
 10
 10
 10
 10
 10
 10
 10
 10
f 10
| 10
 10
 10
 10
 10
 10
J 10
 10
 10
 10
 10
 10
 9
 9
 9
 9
 9
 9
 9
 9
 9
Ʋ 9
` 9
 9
O 9
o 9
 9
 9
 9
 9
 9
 9
 9
 9
 9
 9
 9
 9
 9
 9
 9
 9
G 9
 9
 9
Ţ 9
 9
 9
 9
 9
 9
 9
 9
շ 9
 9
 9
 9
 9
 9
 9
צ 9
ȯ 9
 9
 9
 9
 9
Ż 9
 9
 9
 9
 9
 9
 9
 9
 9
 9
 9
 9
ƣ 9
 9
 9
 9
 9
 9
Ϲ 9
 9
Ӳ 9
­ 9
 9
 9
 9
 9
 9
 9
 9
 9
 9
 9
 9
 9
 9
 9
 9
 9
 9
 9
 9
i 9
` 9
 9
N 9
 9
d 9
 9
 9
 9
 9
 9
߮ 9
 9
 9
 9
 9
 9
 9
 9
 8
 8
 8
 8
 8
 8
 8
 8
 8
 8
 8
 8
 8
 8
 8
 8
 8
 8
 8
 8
ջ 8
 8
 8
n 8
 8
 8
 8
 8
ڥ 8
 8
ص 8
 8
 8
 8
 8
 8
 8
 8
 8
 8
ر 8
 8
 8
 8
 8
N 8
 8
b 8
 8
[ 8
 8
 8
 8
 8
ˢ 8
ү 8
 8
 8
 8
i 8
 8
߿ 8
 8
 8
 8
s 8
 8
 8
e 8
 8
 8
 8
 8
 8
 8
 8
 8
 8
 8
 8
 8
 8
 8
 8
 8
ت 8
d 8
 8
 8
 8
 8
 8
 8
 8
 8
 8
إ 8
 8
 8
Q 8
 7
 7
 7
 7
 7
 7
 7
 7
 7
 7
| 7
 7
 7
 7
ʊ 7
U 7
F 7
 7
ɹ 7
 7
 7
 7
 7
 7
 7
ԣ 7
׵ 7
 7
 7
 7
 7
 7
 7
 7
 7
 7
 7
 7
 7
 7
 7
 7
 7
 7
 7
 7
 7
 7
 7
 7
ʲ 7
 7
 7
 7
ٽ 7
 7
 7
 7
 7
 7
 7
 7
 7
 7
 7
 7
 7
I 7
Ĳ 7
 7
 7
 7
 7
 7
õ 7
 7
߶ 7
i 7
 7
 7
 7
 7
 7
 7
 7
 7
 7
 7
 7
 7
 7
 7
 7
 7
 7
 7
 7
ַ 7
 7
L 7
 7
 7
˶ 7
J 7
 7
 7
 7
 7
 7
o 7
ʬ 7
 7
O 7
 7
 7
Ŧ 7
 7
 7
 7
 7
 7
 7
 7
 7
 6
 6
 6
 6
 6
 6
s 6
 6
¾ 6
Ŋ 6
 6
 6
 6
 6
 6
D 6
 6
 6
 6
 6
 6
ߥ 6
 6
߬ 6
 6
 6
 6
 6
 6
 6
 6
 6
 6
 6
 6
 6
 6
 6
 6
J 6
 6
[ 6
b 6
 6
̺ 6
 6
 6
 6
 6
 6
 6
 6
 6
 6
 6
 6
α 6
º 6
 6
 6
 6
 6
۶ 6
\ 6
 6
 6
x 6
 6
 6
 6
 6
 6
b 6
 6
v 6
 6
 6
ä 6
K 6
 6
 6
 6
x 6
ܤ 6
 6
 6
 6
خ 6
 6
 6
Ȣ 6
 6
 6
 6
 6
 6
 6
 6
 6
 6
 6
 6
 6
 6
 6
 6
 6
 6
 6
 6
 6
p 6
 6
 6
 6
 6
 6
 6
 6
 6
 6
 6
 6
 5
 5
ˡ 5
 5
 5
 5
Ĥ 5
 5
 5
 5
 5
 5
 5
 5
 5
 5
 5
 5
 5
 5
Ű 5
 5
 5
 5
 5
 5
 5
 5
 5
 5
 5
 5
 5
 5
 5
 5
 5
 5
 5
 5
 5
 5
 5
 5
 5
 5
R 5
ڪ 5
ڭ 5
 5
ڶ 5
 5
 5
 5
 5
 5
 5
 5
 5
 5
 5
 5
٤ 5
 5
٩ 5
ֶ 5
 5
B 5
 5
 5
 5
ٳ 5
 5
 5
A 5
 5
~ 5
 5
 5
 5
 5
ɾ 5
 5
س 5
 5
} 5
Ŭ 5
 5
 5
 5
 5
 5
 5
 5
 5
 5
 5
 5
 5
 5
 5
 5
 5
 5
 5
 5
 5
s 5
 5
 5
 5
 5
 5
 5
 5
ۼ 5
 5
 5
 5
 5
¦ 5
˰ 5
 5
 5
Y 5
u 5
 5
 5
 5
Y 5
 5
Y 5
 5
 5
 5
 5
^ 5
 5
 5
 5
 5
 5
t 5
 5
 5
 5
 5
 5
 5
 4
 4
 4
 4
 4
 4
 4
 4
 4
 4
z 4
 4
g 4
 4
 4
 4
 4
 4
ק 4
 4
 4
 4
ݦ 4
 4
ݽ 4
 4
 4
 4
 4
m 4
޲ 4
 4
޴ 4
D 4
 4
޽ 4
 4
ʴ 4
 4
 4
 4
 4
 4
դ 4
Φ 4
 4
Ͱ 4
Є 4
 4
 4
 4
 4
 4
 4
ղ 4
 4
 4
թ 4
ڹ 4
 4
 4
 4
֭ 4
 4
̭ 4
 4
 4
 4
 4
 4
 4
 4
 4
 4
ֺ 4
 4
 4
V 4
Ѿ 4
 4
 4
 4
 4
܀ 4
 4
 4
 4
 4
٥ 4
 4
 4
 4
 4
 4
 4
 4
 4
 4
y 4
 4
پ 4
 4
 4
 4
 4
 4
 4
 4
 4
 4
 4
ذ 4
 4
 4
 4
̡ 4
 4
 4
 4
 4
 4
 4
ѽ 4
 4
 4
 4
 4
 4
 4
 4
 4
 4
 4
 4
 4
 4
 4
 4
x 4
 4
X 4
 4
 4
 4
` 4
 4
_ 4
գ 4
 4
 4
 4
¢ 4
@ 4
 4
 4
ì 4
| 4
L 4
d 4
\ 4
 4
 4
 4
 4
I 4
 4
[ 4
 4
 4
 4
 4
 4
 4
 4
 4
 4
 4
 4
 4
 4
 4
 4
] 4
n 4
r 4
 4
 4
 4
 4
 4
 4
P 4
 4
l 4
m 4
 4
h 4
 4
 4
 4
 4
 4
m 4
 4
 4
 4
 4
 4
 4
 4
 4
 4
 4
 3
 3
 3
 3
 3
 3
θ 3
 3
 3
ŧ 3
 3
 3
 3
V 3
 3
 3
 3
 3
 3
ܳ 3
 3
^ 3
 3
 3
 3
 3
 3
 3
 3
ݼ 3
§ 3
Ȉ 3
 3
L 3
ޣ 3
 3
ʈ 3
ʉ 3
޻ 3
 3
 3
 3
 3
 3
 3
X 3
 3
 3
 3
 3
 3
 3
r 3
 3
 3
 3
 3
 3
 3
 3
 3
 3
b 3
p 3
ȶ 3
 3
 3
 3
 3
 3
Q 3
 3
 3
 3
 3
 3
 3
׻ 3
 3
 3
A 3
Ѵ 3
 3
b 3
 3
 3
 3
 3
 3
 3
 3
 3
 3
 3
 3
 3
 3
 3
 3
 3
ؤ 3
ا 3
 3
 3
 3
 3
 3
٢ 3
Ӷ 3
 3
 3
 3
 3
C 3
 3
 3
 3
 3
 3
 3
e 3
 3
 3
 3
 3
@ 3
 3
۹ 3
 3
 3
[ 3
 3
 3
 3
 3
۾ 3
ۿ 3
è 3
 3
 3
 3
 3
߸ 3
 3
 3
 3
 3
G 3
 3
ǥ 3
 3
ҧ 3
 3
 3
 3
 3
 3
 3
 3
 3
 3
 3
 3
 3
 3
 3
I 3
K 3
 3
 3
 3
 3
 3
 3
 3
_ 3
 3
 3
 3
 3
 3
 3
g 3
 3
 3
 3
 3
 3
 3
 3
 3
 3
 3
 3
 3
K 3
 3
D 3
 3
` 3
 3
 3
 3
 3
 3
 3
 3
 3
 3
 3
 3
] 3
 3
 3
 3
 3
ķ 3
J 3
W 3
 3
 3
 3
l 3
 3
 3
 3
 3
 3
 3
ɩ 3
 3
 3
 3
I 3
N 3
O 3
 3
 3
 3
 3
 3
 3
 3
 3
 3
a 3
 3
 3
 3
 3
 3
 3
 3
 3
 3
 3
 3
 3
 3
d 3
 3
 3
 3
 3
 3
 3
 3
 3
 3
 3
 3
 3
 3
 3
 3
 3
 3
 3
 3
 2
 2
 2
 2
 2
 2
в 2
 2
 2
 2
 2
 2
 2
 2
 2
 2
 2
m 2
n 2
Ċ 2
 2
Ğ 2
 2
ų 2
Ҩ 2
 2
ń 2
Œ 2
Ǥ 2
 2
ܺ 2
 2
 2
 2
 2
 2
 2
 2
 2
Ə 2
 2
 2
 2
 2
 2
ݰ 2
 2
ݬ 2
ݹ 2
ݭ 2
ݪ 2
ǅ 2
ݿ 2
o 2
 2
w 2
 2
 2
 2
 2
˺ 2
 2
 2
ʅ 2
 2
 2
P 2
 2
y 2
 2
P 2
 2
 2
 2
 2
 2
F 2
֩ 2
 2
 2
 2
 2
 2
 2
E 2
 2
 2
 2
 2
 2
 2
 2
 2
 2
 2
׮ 2
w 2
O 2
̻ 2
е 2
 2
 2
\ 2
 2
 2
 2
 2
 2
Ҭ 2
 2
 2
 2
 2
 2
 2
Ӛ 2
 2
 2
} 2
N 2
Ǹ 2
 2
 2
ګ 2
 2
ڿ 2
 2
 2
å 2
 2
 2
 2
F 2
 2
 2
 2
Z 2
 2
 2
 2
 2
 2
P 2
 2
 2
 2
 2
 2
 2
 2
@ 2
 2
 2
 2
W 2
 2
ӻ 2
g 2
 2
O 2
 2
 2
 2
 2
 2
 2
 2
 2
 2
Ǫ 2
 2
 2
^ 2
 2
 2
 2
 2
 2
 2
ٷ 2
 2
 2
 2
 2
 2
 2
 2
 2
ۭ 2
ۯ 2
d 2
j 2
 2
j 2
۸ 2
 2
F 2
Ϩ 2
 2
 2
m 2
r 2
͹ 2
 2
 2
 2
 2
 2
 2
 2
 2
F 2
 2
 2
 2
± 2
 2
 2
d 2
 2
˱ 2
 2
B 2
 2
B 2
 2
 2
 2
 2
 2
 2
 2
U 2
 2
 2
~ 2
 2
 2
m 2
s 2
 2
H 2
 2
 2
 2
 2
 2
ű 2
 2
 2
 2
 2
 2
 2
բ 2
^ 2
 2
 2
 2
 2
 2
 2
 2
 2
 2
 2
x 2
 2
 2
 2
 2
ù 2
 2
 2
 2
m 2
 2
t 2
 2
 2
 2
 2
 2
t 2
 2
 2
ȷ 2
H 2
c 2
j 2
r 2
n 2
 2
 2
 2
g 2
 2
@ 2
 2
 2
 2
n 2
 2
 2
 2
 2
 2
 2
 2
 2
C 2
U 2
 2
 2
 2
 2
 2
D 2
 2
s 2
 2
 2
 2
 2
կ 2
h 2
 2
 2
 2
 2
 2
 2
 2
 2
 2
 2
 2
 2
 2
@ 2
Ŵ 2
 2
 2
ո 2
Ƕ 2
 2
R 2
s 2
t 2
 2
x 2
@ 2
 2
֡ 2
 2
 2
 2
 2
 2
 2
 2
 2
 2
 2
r 2
 2
 2
 2
 2
 2
 2
 2
 2
 2
 2
 2
 2
 2
 2
 2
 2
 2
 2
 1
 1
 1
 1
 1
U 1
 1
 1
 1
 1
 1
 1
 1
 1
 1
 1
 1
 1
e 1
 1
 1
 1
ط 1
 1
 1
 1
 1
 1
 1
u 1
 1
 1
 1
 1
 1
 1
 1
m 1
 1
 1
 1
 1
 1
 1
 1
 1
 1
Y 1
 1
 1
 1
 1
 1
 1
A 1
 1
 1
 1
 1
B 1
 1
 1
 1
ܶ 1
 1
d 1
 1
 1
 1
 1
ƃ 1
 1
 1
 1
ֿ 1
̢ 1
ƒ 1
 1
Ų 1
ƚ 1
 1
 1
K 1
 1
 1
 1
ݳ 1
 1
° 1
ݫ 1
ݵ 1
 1
Ǐ 1
 1
 1
 1
 1
ή 1
 1
{ 1
 1
 1
 1
^ 1
 1
h 1
i 1
 1
 1
 1
z 1
ߧ 1
 1
ߨ 1
ߩ 1
 1
{ 1
 1
 1
ަ 1
ީ 1
 1
ʍ 1
ު 1
 1
 1
ް 1
 1
 1
} 1
 1
˕ 1
B 1
U 1
 1
Y 1
 1
i 1
m 1
~ 1
̍ 1
 1
 1
 1
 1
 1
W 1
 1
 1
p 1
 1
~ 1
 1
Ӽ 1
 1
D 1
K 1
 1
 1
U 1
Ы 1
 1
k 1
s 1
 1
 1
 1
 1
 1
Q 1
W 1
 1
 1
 1
 1
 1
 1
 1
 1
 1
υ 1
 1
 1
 1
 1
 1
ϙ 1
 1
 1
 1
 1
 1
b 1
 1
q 1
 1
Ѝ 1
Е 1
Л 1
О 1
B 1
M 1
W 1
 1
 1
 1
 1
 1
 1
с 1
 1
 1
 1
 1
[ 1
 1
 1
x 1
P 1
 1
 1
 1
 1
 1
v 1
 1
 1
 1
Ӕ 1
 1
 1
 1
 1
 1
 1
 1
 1
Ւ 1
H 1
 1
^ 1
 1
 1
ѳ 1
ֳ 1
 1
 1
ڦ 1
 1
 1
ڮ 1
 1
 1
ڸ 1
ں 1
ڻ 1
ڼ 1
 1
 1
 1
 1
 1
נ 1
 1
 1
Ǵ 1
 1
 1
Y 1
F 1
g 1
 1
 1
 1
 1
 1
 1
 1
 1
¸ 1
 1
׸ 1
 1
X 1
r 1
 1
 1
 1
 1
 1
F 1
 1
 1
 1
 1
S 1
` 1
s 1
 1
{ 1
P 1
د 1
 1
 1
ۖ 1
ۗ 1
 1
 1
 1
 1
 1
 1
 1
 1
 1
܋ 1
 1
c 1
 1
_ 1
 1
{ 1
 1
 1
 1
ݐ 1
ݒ 1
 1
 1
 1
P 1
 1
ٮ 1
 1
 1
 1
٪ 1
 1
 1
 1
 1
 1
 1
 1
 1
ބ 1
ٸ 1
 1
a 1
 1
ލ 1
 1
m 1
ٺ 1
 1
 1
 1
 1
 1
 1
 1
 1
 1
 1
 1
߁ 1
 1
ߍ 1
 1
 1
 1
ߞ 1
ۧ 1
ۨ 1
ۣ 1
ۦ 1
J 1
 1
 1
 1
 1
V 1
 1
 1
۰ 1
n 1
q 1
 1
 1
r 1
 1
z 1
۵ 1
 1
 1
 1
~ 1
 1
 1
N 1
 1
 1
 1
 1
h 1
 1
 1
 1
 1
 1
 1
 1
p 1
 1
 1
v 1
 1
u 1
 1
 1
 1
 1
 1
 1
 1
 1
 1
 1
 1
 1
 1
L 1
 1
 1
S 1
 1
 1
r 1
\ 1
 1
y 1
 1
 1
 1
 1
 1
 1
t 1
 1
 1
m 1
 1
 1
 1
 1
 1
_ 1
 1
h 1
 1
{ 1
 1
 1
 1
 1
 1
 1
F 1
 1
 1
Q 1
U 1
W 1
Z 1
 1
\ 1
 1
f 1
ǯ 1
z 1
 1
 1
 1
 1
 1
 1
 1
 1
 1
 1
E 1
 1
 1
Z 1
ê 1
 1
 1
 1
 1
 1
 1
 1
 1
 1
 1
l 1
 1
C 1
 1
 1
 1
 1
 1
 1
 1
 1
 1
ι 1
\ 1
 1
 1
 1
 1
 1
 1
 1
 1
_ 1
g 1
 1
 1
 1
 1
 1
\ 1
̵ 1
 1
A 1
 1
 1
F 1
` 1
 1
 1
 1
 1
 1
 1
u 1
 1
 1
 1
 1
 1
 1
F 1
 1
 1
 1
 1
 1
 1
 1
o 1
 1
 1
 1
 1
 1
J 1
 1
 1
 1
 1
 1
 1
ƺ 1
 1
{ 1
 1
} 1
 1
 1
 1
 1
 1
 1
 1
H 1
O 1
 1
Q 1
U 1
Z 1
 1
 1
G 1
 1
J 1
 1
M 1
ܣ 1
 1
 1
Q 1
 1
 1
ܢ 1
\ 1
 1
 1
 1
 1
 1
 1
 1
ܭ 1
 1
I 1
J 1
 1
 1
 1
K 1
 1
 1
ȧ 1
 1
U 1
 1
{ 1
 1
Ҽ 1
M 1
N 1
 1
 1
 1
p 1
 1
v 1
p 1
t 1
 1
 1
 1
 1
Ʊ 1
 1
 1
 1
 1
 1
 1
 1
 1
 1
 1
 1
 1
C 1
ظ 1
 1
 1
 1
 1
` 1
o 1
p 1
 1
 1
 1
 1
 1
 1
 1
 1
 1
 1
 1
 1
 1
m 1
 1
 1
 1
X 1
 1
 1
r 1
x 1
 1
O 1
 1
 1
n 1
 1
 1
 1
 1
 1
 1
 1
 1
 1
 1
 1
 1
 1
 1
 1
Q 1
 1
 1
 1
z 1
 1
 1
} 1
W 1
 1
k 1
 1
u 1
 1
^ 1
q 1
 1
 1
 1
 1
 1
H 1
ʺ 1
W 1
Z 1
g 1
c 1
i 1
 1
 1
 1
 1
 1
 1
 1
 1
 1
 1
 1
 1
 1
 1
 1
r 1
o 1
 1
 1
 1
 1
G 1
 1
Q 1
 1
 1
m 1
q 1
 1
{ 1
 1
 1
 1
A 1
W 1
Y 1
a 1
d 1
q 1
 1
 1
_ 1
f 1
 1
^ 1
 1
 1
 1
 1
i 1
 1
 1
j 1
m 1
n 1
c 1
 1
 1
E 1
 1
D 1
 1
g 1
 1
 1
 1
 1
 1
 1
 1
 1
 1
 1
 1
 1
D 1
 1
Y 1
 1
 1
 1
ȣ 1
q 1
 1
 1
~ 1
 1
 1
 1
